1 1 5.75257263882563 1 0
2 1 8.10500553754725 1 0
3 1 5.54126354515843 1 0
4 1 2.98315349134713 1 0
5 1 4.67282883446191 1 0
6 39.5714285714286 5.74082132209119 1 3.67810735713203
7 1 3.65713075579936 1 0
8 1 3.75185425327532 1 0
9 1 3.87057581551397 1 0
10 1 4.52969204481213 1 0
11 1 3.38777436133001 1 0
11 97.1428571428571 4.46395218407255 1 4.57618264911484
12 1 2.98315349134713 1 0
13 1 4.969813299576 1 0
13 49.1428571428571 2.484906649788 1 3.89473150831809
13 50.2857142857143 4.969813299576 1 3.91772102654278
13 52.2857142857143 6.06842558824411 1 3.95672318434605
13 55 4.969813299576 1 4.00733318523247
13 58.4285714285714 4.17438726989564 1 4.06780500698749
13 65.4285714285714 6.5792512120101 1 4.18095903505887
13 75.4285714285714 4.45434729625351 1 4.32318613465095
13 83.2857142857143 4.969813299576 1 4.42227703729518
13 84.4285714285714 4.45434729625351 1 4.43590586835079
13 96.4285714285714 5.75257263882563 1 4.56880254181722
13 101.285714285714 5.1570993646325 1 4.61794537747681
14 1 4.18205014264121 1 0
15 1 5.27893065274785 1 0
15 55 5.58409763171022 1 4.00733318523247
15 73.8571428571429 3.61091791264422 1 4.30213272545312
16 1 3.27714473299218 1 0
16 5.42857142857143 4.04917284357538 1 1.69167601067107
16 32.4285714285714 4.84811636459848 1 3.47903986842609
16 60 5.65948221575962 1 4.0943445622221
17 1 6.64768837356333 1 0
18 1 4.49980967033027 1 0
19 1 4.51633897228148 1 0
20 1 6.64378973314767 1 0
20 2.85714285714286 6.02344759296103 1 1.04982212449868
20 8.71428571428572 6.02344759296103 1 2.164963715118
20 21.8571428571429 6.4289127010692 1 3.08452777233712
20 24.1428571428571 4.39444915467244 1 3.18398856586776
20 33.7142857142857 7.01511080328618 1 3.5179216559703
20 36.7142857142857 6.383506634884 1 3.60316593583991
20 38.8571428571429 7.12205988162914 1 3.65989191724068
20 40.1428571428571 4.39234818374575 1 3.69244452027843
21 1 4.04917284357538 1 0
21 40 4.42484663185681 1 3.68887945411394
22 1 4.07567129695648 1 0
23 1 4.23772314506745 1 0
23 53.2857142857143 2.98315349134713 1 3.9756682705885
24 1 5.74082132209119 1 0
25 1 5.82008293035236 1 0
25 22 6.5132301109123 1 3.09104245335832
25 22.4285714285714 7.26892012819372 1 3.11033565629299
25 47.1428571428571 4.55387689160054 1 3.85318250540521
26 1 3.78940329188024 1 0
26 55.4285714285714 2.87356463957978 1 4.01509519056796
27 1 5.2040066870768 1 0
27 35.5714285714286 4.69592454925656 1 3.57154274740939
27 92.5714285714286 4.69592454925656 1 4.52798054729696
28 1 4.08092154188996 1 0
29 1 5.33030041240109 1 0
30 1 5.48450643486848 1 0
30 19.1428571428571 5.48450643486848 1 2.9519296508956
30 24 5.48450643486848 1 3.17805383034795
31 1 4.37575702166029 1 0
31 14.1428571428571 4.44500143383527 1 2.64920970107928
31 41.1428571428571 4.85046654194343 1 3.71705033108063
31 44.8571428571429 3.33220451017520 1 3.80348283685294
31 59.7142857142857 5.36129216570943 1 4.08957128346944
31 68.1428571428571 4.80860070599228 1 4.22160634183303
31 72.2857142857143 5.36129216570943 1 4.28062652023215
32 1 5.9596126176588 1 0
32 8.85714285714286 4.52969204481213 1 2.18122423598978
33 1 3.22684399451738 1 0
34 1 3.16124671203156 1 0
35 1 6.1560887589429 1 0
35 29 3.33220451017520 1 3.36729582998647
36 1 4.05178494780330 1 0
36 33 4.49980967033027 1 3.49650756146648
36 62.2857142857143 4.29045944114839 1 4.13173209429372
37 1 5.89599935528992 1 0
38 1 4.32081590362899 1 0
39 1 3.52164353473802 1 0
39 7 3.52164353473802 1 1.94591014905531
39 11 3.52164353473802 1 2.39789527279837
39 16 3.52164353473802 1 2.77258872223978
39 19.5714285714286 3.52164353473802 1 2.97407077677281
39 25.2857142857143 3.52164353473802 1 3.23023958351852
39 29.4285714285714 4.71258858275536 1 3.38196601973427
39 35 3.52164353473802 1 3.55534806148941
39 41 3.52164353473802 1 3.71357206670431
39 43.5714285714286 3.52164353473802 1 3.7744016275521
39 50.5714285714286 3.52164353473802 1 3.92338676407846
39 57.1428571428571 3.52164353473802 1 4.04555439805267
39 61.2857142857143 3.52164353473802 1 4.1155467698727
39 66.1428571428571 3.71161894108343 1 4.19181690503092
39 67 3.71161894108343 1 4.20469261939097
39 74 3.71161894108343 1 4.30406509320417
39 85.4285714285714 4.22244456484942 1 4.44768060489532
39 94 4.54223038621422 1 4.54329478227
39 102.571428571429 4.54223038621422 1 4.63055941999291
39 113.428571428571 4.54223038621422 1 4.73117331219182
39 125 4.54223038621422 1 4.8283137373023
39 128.571428571429 4.54223038621422 1 4.856484614269
39 139.428571428571 4.54223038621422 1 4.93755243735778
39 146.428571428571 4.18555544227548 1 4.9865377425172
40 1 3.48890296208126 1 0
40 48.1428571428571 4.46395218407255 1 3.87417278129705
41 1 4.02980604108453 1 0
41 34.4285714285714 3.48890296208126 1 3.53888678443534
42 1 3.59731226058845 1 0
43 1 4.61313835563727 1 0
44 1 1.6094379124341 1 0
45 1 3.75185425327532 1 0
46 1 5.20675017302255 1 0
46 36.1428571428571 4.44500143383527 1 3.58747933967221
47 1 5.8628354045108 1 0
47 61.8571428571429 5.48450643486848 1 4.12482757894718
48 1 5.32105685351753 1 0
49 1 4.59511985013459 1 0
49 60 5.02552390659001 1 4.0943445622221
49 62.8571428571429 4.64439089914137 1 4.14086457785699
49 80 4.64439089914137 1 4.38202663467388
49 82 5.66642668811243 1 4.40671924726425
49 88.1428571428571 4.969813299576 1 4.47895887485007
49 93 5.20675017302255 1 4.53259949315326
49 99.7142857142857 4.969813299576 1 4.60230895370706
49 123.857142857143 4.64439089914137 1 4.81912882772523
49 125.714285714286 5.05624580534831 1 4.83401175841694
49 135.714285714286 5.62401750618734 1 4.91055183553927
49 167.142857142857 3.83945231259331 1 5.11884887873649
49 179 4.84811636459848 1 5.18738580584075
50 1 4.3502779363593 1 0
50 20.7142857142857 5.04342511691925 1 3.03082359336526
50 26.1428571428571 4.29045944114839 1 3.26357600378611
50 64.1428571428571 4.87519732320115 1 4.16111273868694
50 96 5.95570782739586 1 4.56434819146784
50 158.714285714286 3.04452243772342 1 5.06710564058432
51 1 5.68357976733868 1 0
51 68.8571428571429 5.54907608489522 1 4.23203396499529
52 1 4.29045944114839 1 0
53 1 3.27714473299218 1 0
54 1 4.64439089914137 1 0
55 1 5.01130173863942 1 0
56 1 3.44680789291421 1 0
57 1 2.07944154167984 1 0
58 1 3.71210758023314 1 0
59 1 5.1570993646325 1 0
59 9.14285714285714 5.1570993646325 1 2.21297293430436
60 1 5.03370056702725 1 0
61 1 5.4553211153577 1 0
62 1.42857142857143 2.77258872223978 1 0.356674943938732
62 2 2.77258872223978 1 0.693147180559945
63 1 3.22684399451738 1 0
64 1 3.22684399451738 1 0
64 31.8571428571429 3.22684399451738 1 3.46126162240481
64 63.1428571428571 3.22684399451738 1 4.14539973302239
64 92.7142857142857 3.22660587093011 1 4.52952256764878
65 1.57142857142857 3.59731226058845 1 0.451985123743057
66 1 5.1602040644184 1 0
67 54.4285714285714 5.8171111599632 1 3.99688922607139
68 1.42857142857143 5.39253604178702 1 0.356674943938732
69 1 3.22684399451738 1 0
69 17.1428571428571 3.22684399451738 1 2.84158159372673
70 1 5.28066243130932 1 0
70 129.714285714286 5.73009978297357 1 4.86533422954598
71 71 2.92046978905344 1 4.26267987704132
72 1 3.80666248977032 1 0
72 114 5.73576552050925 1 4.7361984483945
73 27.4285714285714 3.75185425327532 1 3.31158522297247
73 49.4285714285714 5.85507192220243 1 3.90052862600241
74 1 5.33030041240109 1 0
74 148 4.29045944114839 1 4.99721227376411
75 1 6.04263283368238 1 0
76 1 4.52720864451838 1 0
77 1.57142857142857 5.29881724158969 1 0.451985123743057
78 1 2.94443897916644 1 0
79 1 5.36597601502185 1 0
80 1 2.98315349134713 1 0
81 1 4.56694897316789 1 0
82 1 4.77912349311153 1 0
83 1.57142857142857 6.041444479413 1 0.451985123743057
84 1 3.91999117507732 1 0
84 16.8571428571429 3.59731226058845 1 2.82477447541035
84 30.8571428571429 3.38777436133001 1 3.42936825862885
84 35 6.14626501577674 1 3.55534806148941
84 37 4.02980604108453 1 3.61091791264422
84 44.7142857142857 3.83406146395843 1 3.80029304148484
84 53.1428571428571 5.00394630594546 1 3.97298370521783
84 54.7142857142857 5.88332238848828 1 4.00212484012533
84 84.8571428571429 2.98315349134713 1 4.44096917030733
84 144.714285714286 4.77912349311153 1 4.97476135519337
84 148.714285714286 4.969813299576 1 5.00202691955966
85 1 3.59731226058845 1 0
86 1 3.67630067190708 1 0
86 38.7142857142857 3.91999117507732 1 3.65620867182439
86 57.5714285714286 4.08176578001524 1 4.05302641289137
86 121.857142857143 4.47733681447821 1 4.80284939843637
87 1 5.26646543709885 1 0
87 6.14285714285714 5.26646543709885 1 1.81528996663825
87 9.14285714285714 5.26646543709885 1 2.21297293430436
87 9.85714285714286 3.56218180106798 1 2.28819635554195
87 12.8571428571429 4.52969204481213 1 2.55389952127495
87 15.7142857142857 5.48450643486848 1 2.7545702167371
87 17.7142857142857 7.39939808333135 1 2.87437141654972
87 22.8571428571429 6.07502414020691 1 3.12926366617851
87 27.1428571428571 6.30078579466324 1 3.30111392310517
87 29.1428571428571 6.30078579466324 1 3.3722098447889
87 32.8571428571429 6.30078579466324 1 3.49216915986788
87 33.8571428571429 6.30078579466324 1 3.52214999207982
87 43.7142857142857 6.99393297522319 1 3.77767495289707
87 47 6.30078579466324 1 3.85014760171006
87 50.7142857142857 6.30078579466324 1 3.9262076404201
87 56.7142857142857 6.30078579466324 1 4.03802613163188
88 1 4.47733681447821 1 0
89 1.14285714285714 1.52605630349505 1 0.133531392624523
90 1 3.56218180106798 1 0
90 74.2857142857143 3.91202300542815 1 4.30791866252016
91 1 4.44500143383527 1 0
91 6.71428571428571 3.59731226058845 1 1.90423745265475
91 36.7142857142857 3.59731226058845 1 3.60316593583991
91 41.7142857142857 3.59731226058845 1 3.73084365321297
91 75.7142857142857 3.59731226058845 1 4.32696685749085
91 80.7142857142857 4.14313472639153 1 4.39091558209113
92 21.1428571428571 3.59731226058845 1 3.0513021247088
92 68 4.88658264542628 1 4.21950770517611
92 99 5.62401750618734 1 4.59511985013459
92 102.428571428571 3.59731226058845 1 4.62916569154431
92 121.142857142857 4.88658264542628 1 4.79697048673659
92 141.428571428571 5.23110861685459 1 4.95179479407332
92 145.571428571429 3.50705777236163 1 4.98066688416741
92 147.142857142857 5.23110861685459 1 4.99140393216837
92 153.285714285714 5.23110861685459 1 5.03230359357539
92 156.142857142857 4.5685062016165 1 5.05077133912123
92 160.428571428571 5.26165338217645 1 5.07784880568313
92 162.285714285714 5.65948221575962 1 5.08935845022578
92 166.428571428571 5.23110861685459 1 5.11456621694449
93 1 3.17805383034795 1 0
94 1 4.23772314506745 1 0
95 1 5.33030041240109 1 0
95 84.1428571428571 5.33030041240109 1 4.43251603459627
96 1 4.21138658265377 1 0
96 45.1428571428571 4.26127043353808 1 3.8098320645316
97 1 4.92180408038964 1 0
98 1.14285714285714 2.77258872223978 1 0.133531392624523
99 1 2.32825283974262 1 0
100 1 6.84609261859003 1 0
101 1 3.22684399451738 1 0
101 9.42857142857143 4.49980967033027 1 2.24374459297111
102 10 1.79175946922805 1 2.30258509299405
103 1 6.23441072571837 1 0
104 1 4.85981240436167 1 0
105 1 6.24222326545517 1 0
106 1 3.22684399451738 1 0
106 5.14285714285714 5.33030041240109 1 1.63760878940080
106 64.1428571428571 5.33030041240109 1 4.16111273868694
106 122.142857142857 5.33030041240109 1 4.80519131988145
107 1 5.4424177105218 1 0
108 1 4.77912349311153 1 0
108 17.7142857142857 5.55682806169954 1 2.87437141654972
108 30.7142857142857 5.55682806169954 1 3.42472787907235
108 38.7142857142857 5.4380793089232 1 3.65620867182439
109 1 6.21959563993323 1 0
110 1 3.22684399451738 1 0
111 1 5.89989735358249 1 0
112 1 3.75185425327532 1 0
113 1 3.59731226058845 1 0
114 65 4.85046654194343 1 4.17438726989564
114 130 5.16478597392351 1 4.86753445045558
114 157.571428571429 4.44500143383527 1 5.05987887019819
114 173 4.9958600085141 1 5.15329159449778
115 1 7.63288550539513 1 0
116 1 6.44888939414686 1 0
117 1 4.84418708645859 1 0
118 1 4.32081590362899 1 0
118 121.428571428571 3.48890296208126 1 4.79932620042905
119 1 4.52969204481213 1 0
120 1 7.41397029019044 1 0
120 24.2857142857143 7.41397029019044 1 3.18988828799495
121 1 5.52465580875877 1 0
121 11 5.19295685089021 1 2.39789527279837
122 1 4.69592454925656 1 0
122 23.1428571428571 4.29045944114839 1 3.14168618617707
122 36.8571428571429 2.83321334405622 1 3.6070494358663
123 1 3.73528582692809 1 0
124 1 4.18205014264121 1 0
124 30.8571428571429 4.969813299576 1 3.42936825862885
124 33.1428571428571 4.18205014264121 1 3.500827222611
124 39.8571428571429 4.18205014264121 1 3.68530163276605
124 72.1428571428571 3.48890296208126 1 4.27864828022005
124 91.2857142857143 4.969813299576 1 4.51399430532222
125 1 5.25201161367153 1 0
125 20.5714285714286 4.82028156560504 1 3.02390315052069
125 26.2857142857143 4.82028156560504 1 3.26902560855367
125 30.2857142857143 4.82028156560504 1 3.4106761256167
125 36.4285714285714 5.22869929966717 1 3.59535339610311
125 42.4285714285714 4.85046654194343 1 3.74782198974739
125 51 5.36129216570943 1 3.93182563272433
125 60.5714285714286 5.34329073219077 1 4.10382330617664
126 1 5.33030041240109 1 0
127 1 3.59731226058845 1 0
127 18.8571428571429 4.69592454925656 1 2.93689177353106
128 1 6.17170059741091 1 0
129 1 3.79548918917219 1 0
129 15.8571428571429 4.84418708645859 1 2.76362005225702
130 1 3.71235181029908 1 0
131 1 2.87412945179474 1 0
132 1 5.15876790159795 1 0
133 1.57142857142857 3.22684399451738 1 0.451985123743057
134 1 3.56218180106798 1 0
135 1 3.22684399451738 1 0
136 1 2.94443897916644 1 0
137 1 3.56699426612381 1 0
138 1 3.04452243772342 1 0
138 23.4285714285714 3.22684399451738 1 3.15395627876888
138 38.8571428571429 3.22684399451738 1 3.65989191724068
138 153.857142857143 3.77045944110636 1 5.03602452810108
139 1 3.75185425327532 1 0
140 1 5.17518881906689 1 0
140 12 3.74596842109806 1 2.484906649788
141 1 3.22684399451738 1 0
141 13 3.44680789291421 1 2.56494935746154
141 48.2857142857143 3.91999117507732 1 3.87713574642771
142 1 4.969813299576 1 0
142 51.4285714285714 4.49980967033027 1 3.94019388239484
143 1 6.361302477573 1 0
143 65.2857142857143 5.50174788655223 1 4.17877324183889
144 1 4.82028156560504 1 0
144 43.8571428571429 5.92692602597041 1 3.78093759853188
145 1 3.05400118167797 1 0
146 1 5.40132511662227 1 0
146 64.1428571428571 5.58874566466784 1 4.16111273868694
146 158 4.969813299576 1 5.06259503302697
147 1 3.22684399451738 1 0
147 3.85714285714286 4.49980967033027 1 1.34992671694902
147 22.8571428571429 4.49980967033027 1 3.12926366617851
147 60.8571428571429 3.91202300542815 1 4.10852919721406
147 98.7142857142857 3.25809653802148 1 4.59222967471236
147 120.714285714286 2.19722457733622 1 4.79342647830186
148 1 4.44500143383527 1 0
148 73.2857142857143 6.00141487796115 1 4.29436569611546
148 92.8571428571429 5.55682806169954 1 4.53106221383437
148 109.142857142857 5.4380793089232 1 4.69265764011121
149 1 5.35422499848633 1 0
150 1 6.37161184723186 1 0
151 1 2.98315349134713 1 0
151 21.7142857142857 3.67630067190708 1 3.07797037179096
152 1 4.23772314506745 1 0
153 1 4.29045944114839 1 0
153 37.4285714285714 3.59731226058845 1 3.62243435470578
154 1 3.77849161280362 1 0
154 10.8571428571429 2.67000213346468 1 2.38482319123102
155 16.5714285714286 5.48450643486848 1 2.80768004205105
156 1 2.85647020622048 1 0
157 1 3.75185425327532 1 0
157 6 3.29583686600433 1 1.79175946922805
157 85.8571428571429 3.22684399451738 1 4.45268478547989
157 119.571428571429 3.98675935154216 1 4.78391392143416
158 1 3.04452243772342 1 0
158 94.8571428571429 3.91999117507732 1 4.55237200042112
159 1 4.969813299576 1 0
159 19 4.969813299576 1 2.94443897916644
160 1 3.59731226058845 1 0
160 22.4285714285714 4.29045944114839 1 3.11033565629299
161 1 3.04452243772342 1 0
161 85.5714285714286 3.22684399451738 1 4.44935144906014
161 137.571428571429 3.22684399451738 1 4.92414326274281
161 171 3.22684399451738 1 5.14166355650266
162 1.85714285714286 5.16478597392351 1 0.619039208406224
162 14.5714285714286 4.3502779363593 1 2.67906266422896
162 46 5.16478597392351 1 3.82864139648910
162 127.571428571429 4.969813299576 1 4.84867643182119
162 169.714285714286 4.969813299576 1 5.13411635086728
163 6.85714285714286 5.68357976733868 1 1.92529086185258
164 1.71428571428571 5.33030041240109 1 0.538996500732687
164 36.8571428571429 5.33030041240109 1 3.6070494358663
165 1 4.44500143383527 1 0
165 113.714285714286 4.85046654194343 1 4.73368903678907
166 1 3.59731226058845 1 0
166 34.7142857142857 3.75185425327532 1 3.54715129428524
167 1 4.44500143383527 1 0
167 3.85714285714286 4.03246915850401 1 1.34992671694902
167 33.1428571428571 1.72988406550997 1 3.500827222611
167 54.8571428571429 3.33932197794407 1 4.00473240353241
167 97.5714285714286 4.22244456484942 1 4.58058471051548
167 99.1428571428571 4.37071287477361 1 4.59656181145149
167 120.857142857143 5.66642668811243 1 4.79460921055091
167 149.571428571429 4.54223038621422 1 5.00777406181522
167 153.714285714286 4.44500143383527 1 5.03509559166642
167 165.142857142857 4.54223038621422 1 5.10681090017701
167 176.714285714286 4.54223038621422 1 5.17453422333717
168 1 3.65713075579936 1 0
168 68.8571428571429 5.82008293035236 1 4.23203396499529
168 69.1428571428571 3.61926138723307 1 4.23617475766132
168 71.7142857142857 5.82008293035236 1 4.27268997063642
168 72.8571428571429 6.5132301109123 1 4.28850057666306
168 76.5714285714286 7.26892012819372 1 4.33822401201549
168 78.5714285714286 4.25561270981822 1 4.3640081291712
168 92.8571428571429 3.27714473299218 1 4.53106221383437
168 119.857142857143 6.35262939631957 1 4.78630055741189
169 1 3.22684399451738 1 0
170 1 3.83406146395843 1 0
171 2.85714285714286 4.50335891984141 1 1.04982212449868
172 1 4.3502779363593 1 0
173 1 4.29045944114839 1 0
174 1 3.22684399451738 1 0
175 1 2.484906649788 1 0
176 1 6.39800907243571 1 0
176 5.14285714285714 4.10214737428512 1 1.63760878940080
176 33.1428571428571 4.44076712969648 1 3.500827222611
177 1 6.1246833908942 1 0
178 1 3.27714473299218 1 0
178 64.8571428571429 4.29045944114839 1 4.17218704898603
178 66.1428571428571 3.27714473299218 1 4.19181690503092
179 1 5.20020827343772 1 0
180 1 3.22684399451738 1 0
181 1 4.80860070599228 1 0
182 1 4.23772314506745 1 0
183 1 4.23772314506745 1 0
184 1 3.59731226058845 1 0
184 49.2857142857143 3.27714473299218 1 3.89763426797605
185 1 5.18178355029209 1 0
186 1.57142857142857 3.43398720448515 1 0.451985123743057
187 1 3.04452243772342 1 0
187 31.4285714285714 4.49980967033027 1 3.44771739729705
187 32 4.75574304446747 1 3.46573590279973
187 77.1428571428571 4.969813299576 1 4.34565899050301
187 83.5714285714286 5.36597601502185 1 4.42570169817654
188 1.57142857142857 3.48890296208126 1 0.451985123743057
188 13.8571428571429 3.59731226058845 1 2.62880082944807
189 54.5714285714286 4.29045944114839 1 3.99951045955126
190 1 2.70471129983670 1 0
191 1 3.75185425327532 1 0
191 11 4.44500143383527 1 2.39789527279837
191 21.1428571428571 3.85439389259151 1 3.0513021247088
191 35.1428571428571 3.85439389259151 1 3.55942138687705
191 56.2857142857143 3.85439389259151 1 4.03044076024262
191 74.4285714285714 5.43359099060561 1 4.30983989269805
191 84.1428571428571 5.48450643486848 1 4.43251603459627
191 85.4285714285714 4.68213122712422 1 4.44768060489532
191 133.857142857143 6.17765361542843 1 4.89677313318311
192 1 3.27714473299218 1 0
193 1 3.22684399451738 1 0
194 1 6.37161184723186 1 0
195 1 4.18205014264121 1 0
196 1 3.22684399451738 1 0
197 1 3.85862222870103 1 0
198 1 3.59731226058845 1 0
199 1 4.19720194766181 1 0
200 47.1428571428571 4.44500143383527 1 3.85318250540521
201 1 5.2040066870768 1 0
202 1 5.4380793089232 1 0
203 1 3.17805383034795 1 0
204 1 3.27714473299218 1 0
204 10 3.59731226058845 1 2.30258509299405
204 77.8571428571429 4.29045944114839 1 4.35487564560793
204 87.2857142857143 3.48890296208126 1 4.46918681011628
204 120 3.48890296208126 1 4.78749174278205
205 1 4.51633897228148 1 0
206 1 3.22684399451738 1 0
206 79.1428571428571 3.22684399451738 1 4.37125453769197
207 1 5.12545096852484 1 0
208 1 3.38777436133001 1 0
208 46 3.69486152579148 1 3.82864139648910
208 59.4285714285714 4.14630430115281 1 4.08477511120595
208 61.2857142857143 4.83945148171276 1 4.1155467698727
209 1 4.52969204481213 1 0
209 12.5714285714286 8.51847237291462 1 2.53142666542289
210 1 7.96380795323145 1 0
210 3.42857142857143 7.74066440191724 1 1.23214368129263
210 5.28571428571429 7.74066440191724 1 1.66500776358891
210 9 7.74066440191724 1 2.19722457733622
210 10.4285714285714 7.74066440191724 1 2.34454929209308
210 15.4285714285714 7.74066440191724 1 2.73622107806891
210 22.4285714285714 7.02553831463852 1 3.11033565629299
210 26.2857142857143 6.80239476332431 1 3.26902560855367
211 1 3.25809653802148 1 0
212 1 5.85507192220243 1 0
213 1 3.59731226058845 1 0
213 112 5.62401750618734 1 4.71849887129509
214 1 3.22684399451738 1 0
215 1 3.65713075579936 1 0
215 39.8571428571429 4.65396035015752 1 3.68530163276605
215 75.8571428571429 4.71939133007811 1 4.32885187218663
215 123.571428571429 3.59731226058845 1 4.81681935787657
216 1 4.08176578001524 1 0
216 3.57142857142857 4.36944785246702 1 1.27296567581289
216 10 4.53367418428302 1 2.30258509299405
216 17 4.36944785246702 1 2.83321334405622
216 21.4285714285714 4.59259140378123 1 3.06472514504094
216 43.1428571428571 4.77491296057519 1 3.76451686831956
216 51.5714285714286 4.59259140378123 1 3.94296780927757
216 80.1428571428571 4.77491296057519 1 4.38381075646738
216 107.142857142857 4.969813299576 1 4.67416305747504
216 111.285714285714 5.28573858434118 1 4.71210089681543
216 120 4.77491296057519 1 4.78749174278205
217 1 7.56501618097767 1 0
217 51 5.62401750618734 1 3.93182563272433
217 51.2857142857143 4.13276367212605 1 3.93741223943297
217 57 3.38777436133001 1 4.04305126783455
218 1 3.59731226058845 1 0
219 1 4.05178494780330 1 0
220 1 5.46806014113513 1 0
221 25 4.03246915850401 1 3.2188758248682
222 1 5.73009978297357 1 0
223 1 4.23772314506745 1 0
223 5.14285714285714 3.48890296208126 1 1.63760878940080
224 1 4.37575702166029 1 0
225 1 3.01553490085017 1 0
226 1 5.55682806169954 1 0
227 1 4.84811636459848 1 0
228 1 4.23772314506745 1 0
229 1 3.75185425327532 1 0
230 29.4285714285714 6.17170059741091 1 3.38196601973427
230 53.4285714285714 2.07944154167984 1 3.97834564835922
230 66 2.07944154167984 1 4.18965474202643
231 80.1428571428571 5.00394630594546 1 4.38381075646738
231 113.142857142857 6.20253551718792 1 4.72865124275911
231 140.857142857143 6.5206211275587 1 4.94774620554732
232 1 5.78689738136671 1 0
232 75.7142857142857 4.49980967033027 1 4.32696685749085
233 1 8.06414264316715 1 0
234 1 5.62401750618734 1 0
235 1 7.3132203870903 1 0
236 1 3.22684399451738 1 0
236 6 4.3502779363593 1 1.79175946922805
236 32.8571428571429 3.48890296208126 1 3.49216915986788
236 34.8571428571429 4.29045944114839 1 3.55125807623789
236 39.2857142857143 5.68357976733868 1 3.67086094861126
236 52 5.68357976733868 1 3.95124371858143
236 52.8571428571429 3.59731226058845 1 3.96759285658296
236 58.8571428571429 4.18205014264121 1 4.07511320029421
236 63.8571428571429 3.05400118167797 1 4.15664844555826
236 70.1428571428571 5.68357976733868 1 4.25053397873921
236 82.2857142857143 5.4971682252932 1 4.41019751164058
236 87 3.22684399451738 1 4.46590811865458
236 106 4.69592454925656 1 4.66343909411207
236 106 5.4971682252932 1 4.66343909411207
236 113.142857142857 4.82028156560504 1 4.72865124275911
236 113.857142857143 3.48890296208126 1 4.7349445297349
236 124.857142857143 4.68213122712422 1 4.82717022660022
236 127 5.66296048013595 1 4.84418708645859
237 1 5.54126354515843 1 0
238 1 3.59731226058845 1 0
238 98.7142857142857 5.65948221575962 1 4.59222967471236
239 1 3.27714473299218 1 0
240 1 2.99272776453369 1 0
241 1 3.59731226058845 1 0
242 1 5.54907608489522 1 0
243 13.4285714285714 5.75257263882563 1 2.59738463321469
243 28.7142857142857 2.99573227355399 1 3.35739475900376
243 47.4285714285714 6.30444880242198 1 3.85922481986118
244 1 6.44174367100594 1 0
244 6.85714285714286 5.57972982598622 1 1.92529086185258
245 1 4.61313835563727 1 0
245 13 4.49980967033027 1 2.56494935746154
246 1 3.46197885392201 1 0
246 14 2.83380140640777 1 2.63905732961526
247 1 5.00394630594546 1 0
248 1 3.83406146395843 1 0
249 1 5.75257263882563 1 0
250 1 5.78689738136671 1 0
250 15.4285714285714 6.44888939414686 1 2.73622107806891
250 28.2857142857143 6.44571981938558 1 3.34235688163922
250 47.5714285714286 6.44627522067728 1 3.86223234092513
250 65.2857142857143 6.383506634884 1 4.17877324183889
251 1 5.85507192220243 1 0
252 1 4.5830268213024 1 0
252 15.2857142857143 2.42303124606991 1 2.72691868540659
252 21.1428571428571 2.42303124606991 1 3.0513021247088
252 47.2857142857143 2.42303124606991 1 3.85620822632175
252 57.4285714285714 2.82849635417808 1 4.05054193956371
253 1 5.96998551543086 1 0
254 1 5.16478597392351 1 0
254 23.8571428571429 5.16478597392351 1 3.17208366336144
254 50 4.969813299576 1 3.91202300542815
254 65.1428571428571 5.66296048013595 1 4.17658266045907
254 90.8571428571429 4.969813299576 1 4.50928841428481
254 97.8571428571429 4.969813299576 1 4.58350868920691
254 102.714285714286 4.969813299576 1 4.63195120866573
254 106 4.969813299576 1 4.66343909411207
254 139.714285714286 5.36597601502185 1 4.9395995209795
255 1 5.33030041240109 1 0
255 23.1428571428571 5.33030041240109 1 3.14168618617707
256 1 5.62401750618734 1 0
256 29.8571428571429 3.25809653802148 1 3.3964241029095
256 32.7142857142857 5.36597601502185 1 3.48781185449893
257 1 3.38777436133001 1 0
258 1 2.19722457733622 1 0
259 1 4.60517018598809 1 0
259 4.28571428571429 6.84481547920826 1 1.45528723260684
260 1 3.59731226058845 1 0
261 1 4.77912349311153 1 0
261 35.1428571428571 3.75185425327532 1 3.55942138687705
262 1 3.22684399451738 1 0
262 66.8571428571429 3.22684399451738 1 4.20255814686233
262 105.285714285714 3.91999117507732 1 4.65667774313402
262 146.285714285714 3.91999117507732 1 4.98556165654414
263 1 3.18469837306661 1 0
264 57.7142857142857 4.18205014264121 1 4.05550472890584
265 114 3.48890296208126 1 4.7361984483945
266 1 4.54807059394752 1 0
267 1 3.97029191355212 1 0
267 1.14285714285714 4.3502779363593 1 0.133531392624523
268 1 3.59731226058845 1 0
269 1 3.75490124965593 1 0
269 10.8571428571429 3.97029191355212 1 2.38482319123102
270 1 4.969813299576 1 0
271 1 3.27714473299218 1 0
272 1 4.77912349311153 1 0
273 1 5.97126183979046 1 0
273 7.28571428571429 5.97126183979046 1 1.98591548366901
273 9.14285714285714 7.07665381544395 1 2.21297293430436
273 16.7142857142857 6.383506634884 1 2.81626378574244
273 33.1428571428571 5.97126183979046 1 3.500827222611
273 47.8571428571429 5.97126183979046 1 3.86822038276975
273 58.7142857142857 5.97126183979046 1 4.07268306544092
273 67.7142857142857 5.97126183979046 1 4.21529717263976
273 78.8571428571429 5.97126183979046 1 4.36763789722178
274 1 3.22684399451738 1 0
275 1 6.85792407311679 1 0
275 4.14285714285714 6.93973832483519 1 1.42138568093116
275 13.1428571428571 6.97634807044775 1 2.57587842799373
276 1 4.85981240436167 1 0
277 1 5.05624580534831 1 0
278 1 5.19295685089021 1 0
279 1 3.22684399451738 1 0
280 1 4.82028156560504 1 0
281 1 5.62877153084369 1 0
281 4 5.11895143757971 1 1.38629436111989
281 14.4285714285714 3.13549421592915 1 2.66921036778595
281 18.2857142857143 3.40119738166216 1 2.90612011486430
281 34.1428571428571 4.62497281328427 1 3.5305534028762
281 35.2857142857143 5.1570993646325 1 3.56347818757266
281 38 5.77864254486564 1 3.63758615972639
281 45.2857142857143 5.35540633353216 1 3.81299162482197
281 53 5.6778490926297 1 3.97029191355212
281 53 5.6778490926297 1 3.97029191355212
281 53 4.98470191206975 1 3.97029191355212
281 73 6.37099627318964 1 4.29045944114839
282 1 6.72623340235875 1 0
282 19.7142857142857 6.72623340235875 1 2.98134353610189
283 1.42857142857143 4.49980967033027 1 0.356674943938732
283 16.5714285714286 5.33030041240109 1 2.80768004205105
284 1 5.51342874616498 1 0
285 1 3.17805383034795 1 0
286 58 3.67630067190708 1 4.06044301054642
287 1 4.32081590362899 1 0
288 60 5.75257263882563 1 4.0943445622221
289 1 2.65183252110398 1 0
290 18.2857142857143 3.27714473299218 1 2.90612011486430
291 1 3.91999117507732 1 0
292 1 7.12546006700007 1 0
293 1 3.05400118167797 1 0
294 1 3.22684399451738 1 0
295 1 3.22684399451738 1 0
296 1 4.15810152802485 1 0
296 15.1428571428571 4.969813299576 1 2.71752894505675
296 33.1428571428571 4.05958056978576 1 3.500827222611
296 70.8571428571429 6.5035393902744 1 4.26066577766961
296 71.8571428571429 4.38763587343839 1 4.27468002104443
296 77.2857142857143 5.13108144717212 1 4.34750912979117
296 109.142857142857 5.75257263882563 1 4.69265764011121
296 110.857142857143 3.85862222870103 1 4.70824237112791
296 115.714285714286 4.969813299576 1 4.75112409861117
297 1 3.83406146395843 1 0
298 1.42857142857143 3.22684399451738 1 0.356674943938732
298 54.7142857142857 3.22684399451738 1 4.00212484012533
298 82.5714285714286 3.22684399451738 1 4.41366371961706
299 1 3.27714473299218 1 0
300 1 2.26176309847379 1 0
301 1 3.22684399451738 1 0
302 1 3.59731226058845 1 0
303 1 4.49980967033027 1 0
303 86.1428571428571 4.49980967033027 1 4.45600704767187
304 1 4.59259140378123 1 0
305 1 5.19295685089021 1 0
305 23.8571428571429 4.47733681447821 1 3.17208366336144
305 35 4.47733681447821 1 3.55534806148941
306 1 3.27714473299218 1 0
307 1 5.7268477475872 1 0
307 46.4285714285714 5.19295685089021 1 3.83791503327442
307 67.8571428571429 3.48890296208126 1 4.21740465497933
307 87.4285714285714 3.48890296208126 1 4.47082213345701
307 132.714285714286 3.48890296208126 1 4.88819858975853
307 145 3.48890296208126 1 4.97673374242057
308 1 4.49980967033027 1 0
309 1 4.3502779363593 1 0
310 1 6.03787091992214 1 0
311 1 6.10199915403954 1 0
312 1 4.02087741034023 1 0
313 1 5.00394630594546 1 0
314 1 2.76883167336207 1 0
314 3.14285714285714 4.06319783322526 1 1.14513230430300
314 18.8571428571429 4.25077834806393 1 2.93689177353106
314 38 4.25077834806393 1 3.63758615972639
315 1 1.79175946922805 1 0
316 1 5.01926462079431 1 0
317 1 5.78474783347931 1 0
317 36 5.50533153593236 1 3.58351893845611
318 1 5.66642668811243 1 0
318 22.2857142857143 6.4377516497364 1 3.10394585819422
318 43 6.4377516497364 1 3.76120011569356
318 52.1428571428571 7.13089883029635 1 3.95398720452718
318 81.4285714285714 7.8240460108563 1 4.39972621177328
319 1 3.48890296208126 1 0
320 1.14285714285714 4.29045944114839 1 0.133531392624523
320 2.14285714285714 3.65713075579936 1 0.762140052046897
321 1 5.33030041240109 1 0
321 46.1428571428571 5.33030041240109 1 3.83174217416734
322 1 5.05624580534831 1 0
322 6.85714285714286 5.36597601502185 1 1.92529086185258
322 10.7142857142857 4.29045944114839 1 2.37157796448100
322 17.1428571428571 5.36597601502185 1 2.84158159372673
322 25.1428571428571 5.75257263882563 1 3.22457384598284
322 39 5.36597601502185 1 3.66356164612965
322 43.1428571428571 5.36597601502185 1 3.76451686831956
322 52.2857142857143 5.36597601502185 1 3.95672318434605
322 60.7142857142857 5.52345892052492 1 4.1061790198691
323 1 4.40060302024682 1 0
324 1 1.83418018511201 1 0
325 1 3.59731226058845 1 0
326 132.857142857143 5.62830433348024 1 4.88927443709199
327 1 4.33467293829041 1 0
328 13 5.33030041240109 1 2.56494935746154
328 24 4.49980967033027 1 3.17805383034795
328 27.5714285714286 4.18205014264121 1 3.31678003984957
328 33 3.38777436133001 1 3.49650756146648
328 33.1428571428571 4.90897164031976 1 3.500827222611
328 37.4285714285714 4.969813299576 1 3.62243435470578
328 40.5714285714286 4.969813299576 1 3.70306408910589
328 43.5714285714286 4.969813299576 1 3.7744016275521
328 44.2857142857143 5.36597601502185 1 3.79066214842388
328 53.2857142857143 4.969813299576 1 3.9756682705885
328 56.4285714285714 3.22684399451738 1 4.03297561584581
328 65 4.969813299576 1 4.17438726989564
328 69.2857142857143 3.22684399451738 1 4.23823874188217
328 70.1428571428571 4.84418708645859 1 4.25053397873921
328 72.4285714285714 4.969813299576 1 4.28260085453587
328 75.2857142857143 4.969813299576 1 4.32129039948605
328 82 3.85862222870103 1 4.40671924726425
328 86.1428571428571 4.49980967033027 1 4.45600704767187
328 86.1428571428571 5.75257263882563 1 4.45600704767187
328 97.2857142857143 3.77045944110636 1 4.5776521570942
328 112.285714285714 5.33030041240109 1 4.72104664337389
328 113.142857142857 4.58751525074937 1 4.72865124275911
328 114 3.27714473299218 1 4.7361984483945
328 119.428571428571 4.42484663185681 1 4.78271846402939
328 121 5.46806014113513 1 4.79579054559674
328 121 5.36597601502185 1 4.79579054559674
328 121.142857142857 5.75257263882563 1 4.79697048673659
328 122.142857142857 3.83297979808769 1 4.80519131988145
328 122.428571428571 3.50705777236163 1 4.80752776954247
329 1 2.58475198475772 1 0
330 1 4.25561270981822 1 0
330 9 5.15039723647141 1 2.19722457733622
330 44.2857142857143 4.84811636459848 1 3.79066214842388
330 46.8571428571429 5.4971682252932 1 3.84710345932883
330 52.2857142857143 5.66296048013595 1 3.95672318434605
330 66.1428571428571 6.06842558824411 1 4.19181690503092
330 90 5.91889385427315 1 4.49980967033027
331 1 4.44500143383527 1 0
331 99.8571428571429 4.85046654194343 1 4.6037405931785
332 1 5.16877799519305 1 0
333 1 5.26785815906333 1 0
333 84.8571428571429 5.27938935666252 1 4.44096917030733
334 1 4.44500143383527 1 0
335 1 5.42274494492309 1 0
335 1.42857142857143 2.70471129983670 1 0.356674943938732
335 28.5714285714286 3.27714473299218 1 3.35240721749272
335 30 2.07317192866624 1 3.40119738166216
335 42 4.29045944114839 1 3.73766961828337
335 49.4285714285714 2.07317192866624 1 3.90052862600241
335 100 4.93087032562739 1 4.60517018598809
335 149.571428571429 3.16124671203156 1 5.00777406181522
335 150.285714285714 3.48890296208126 1 5.01253824424234
335 152.428571428571 1.94591014905531 1 5.02669610224644
335 164 2.98315349134713 1 5.0998664278242
335 164.571428571429 3.75185425327532 1 5.10334469220052
335 169.571428571429 4.77912349311153 1 5.13327424555435
335 170.142857142857 3.59731226058845 1 5.13663842029999
335 173.142857142857 4.77912349311153 1 5.15411701757395
335 183.428571428571 3.77045944110636 1 5.21182533519459
336 1 5.2899323100136 1 0
336 47.4285714285714 3.71698088422481 1 3.85922481986118
336 77 5.35658627467201 1 4.34380542185368
336 90.1428571428571 5.64731793767507 1 4.5013957134859
337 1 4.18205014264121 1 0
337 29.5714285714286 4.64439089914137 1 3.38680864421006
338 1 5.75257263882563 1 0
338 22.5714285714286 4.04917284357538 1 3.11668488397165
339 1 3.75185425327532 1 0
340 62 4.23772314506745 1 4.12713438504509
341 1 3.59731226058845 1 0
341 6.71428571428571 2.42303124606991 1 1.90423745265475
342 1 4.05992563535164 1 0
342 30.7142857142857 4.75307281591159 1 3.42472787907235
343 1 4.18205014264121 1 0
344 1 3.97029191355212 1 0
345 55.7142857142857 3.27714473299218 1 4.02023659006838
346 1 4.77912349311153 1 0
347 1 4.29045944114839 1 0
347 96.4285714285714 4.93087032562739 1 4.56880254181722
348 1 4.07753744390572 1 0
348 117.428571428571 2.99272776453369 1 4.76583024600087
349 1 4.51415078760092 1 0
349 11.2857142857143 3.38777436133001 1 2.42353770341171
349 15 5.62401750618734 1 2.70805020110221
349 23 4.29045944114839 1 3.13549421592915
349 29.8571428571429 5.46679351651994 1 3.3964241029095
349 45.8571428571429 5.67675380226828 1 3.8255309740747
349 59.1428571428571 3.45315712059287 1 4.07995582477
349 68.2857142857143 5.62401750618734 1 4.22370058343614
349 71.8571428571429 5.62401750618734 1 4.27468002104443
349 84.8571428571429 5.67675380226828 1 4.44096917030733
350 1 5.55682806169954 1 0
350 54.4285714285714 4.89671976996636 1 3.99688922607139
351 1 4.27666611901606 1 0
351 38.1428571428571 3.59731226058845 1 3.64133850934494
351 137.142857142857 2.99573227355399 1 4.92102313540657
352 1 6.05032290411434 1 0
353 1 4.18205014264121 1 0
354 1 2.99322914333587 1 0
355 65.5714285714286 4.82028156560504 1 4.18314006100523
356 1 3.59731226058845 1 0
356 21.1428571428571 3.59731226058845 1 3.0513021247088
356 61.1428571428571 3.59731226058845 1 4.11321304652648
357 1 3.85988725100762 1 0
357 76.1428571428571 2.99573227355399 1 4.33261127511053
357 111.428571428571 4.46395218407255 1 4.71338377062832
358 1 3.97029191355212 1 0
358 27.7142857142857 3.61926138723307 1 3.32194801000801
358 134 4.93087032562739 1 4.89783979995091
359 1 4.29045944114839 1 0
359 44.8571428571429 3.59731226058845 1 3.80348283685294
360 1 4.85046654194343 1 0
361 1 4.54807059394752 1 0
362 1 4.23772314506745 1 0
363 1 4.12066187053947 1 0
364 1 4.71715868793614 1 0
364 117.428571428571 4.17438726989564 1 4.76583024600087
365 1 4.29045944114839 1 0
366 1 3.59731226058845 1 0
367 1 4.29045944114839 1 0
367 4.71428571428571 5.20675017302255 1 1.55059741241117
367 110.571428571429 4.29045944114839 1 4.70566172453441
368 1 3.97029191355212 1 0
369 1 3.22684399451738 1 0
370 1 4.93087032562739 1 0
371 1 4.04917284357538 1 0
372 1 6.36014464000748 1 0
373 1 4.18205014264121 1 0
373 54.1428571428571 5.26217191991168 1 3.99162605602711
374 1.42857142857143 5.62271702193498 1 0.356674943938732
374 3.42857142857143 4.47095284386828 1 1.23214368129263
375 1 4.15810152802485 1 0
375 78 4.23772314506745 1 4.35670882668959
376 1 4.0252445421378 1 0
376 2 4.79579054559674 1 0.693147180559945
376 54.1428571428571 6.02438661925016 1 3.99162605602711
376 74 6.53087762772588 1 4.30406509320417
376 84.2857142857143 6.5424719605068 1 4.43421238784445
376 95.8571428571429 6.5424719605068 1 4.56285898791637
377 1 5.34758360785095 1 0
378 1 3.27714473299218 1 0
379 1 6.42971947803914 1 0
379 1.42857142857143 6.59304453414244 1 0.356674943938732
380 1 3.65713075579936 1 0
381 1 5.75257263882563 1 0
382 1 6.35957386867238 1 0
382 11.7142857142857 5.63121178182137 1 2.46080909820894
382 53 6.00141487796115 1 3.97029191355212
382 66.8571428571429 3.48890296208126 1 4.20255814686233
382 81.7142857142857 3.75185425327532 1 4.40322884232448
382 87 4.77912349311153 1 4.46590811865458
383 1 4.03140476244823 1 0
383 5.85714285714286 2.93279247378012 1 1.76766191764899
384 1 5.75257263882563 1 0
385 1 3.48890296208126 1 0
386 37.1428571428571 5.89989735358249 1 3.61477148196021
386 51.8571428571429 5.67675380226828 1 3.94849268520954
387 1 4.75574304446747 1 0
388 1 3.22684399451738 1 0
388 54 3.22684399451738 1 3.98898404656427
389 1 2.55955019278377 1 0
390 1.57142857142857 3.22684399451738 1 0.451985123743057
391 1 4.32081590362899 1 0
391 1.85714285714286 4.32081590362899 1 0.619039208406224
391 107.428571428571 3.94352167248752 1 4.67682617489453
392 1 5.18598818157412 1 0
393 1 3.48890296208126 1 0
393 13.1428571428571 4.87029985396936 1 2.57587842799373
393 45 1.79175946922805 1 3.80666248977032
393 45.1428571428571 3.27714473299218 1 3.8098320645316
393 51.2857142857143 3.85862222870103 1 3.93741223943297
394 1 2.98315349134713 1 0
395 1 4.9416424226093 1 0
396 1 3.16124671203156 1 0
397 1 3.67630067190708 1 0
398 1 4.32545628318549 1 0
399 1 3.09104245335832 1 0
400 1 4.44500143383527 1 0
401 1 4.49980967033027 1 0
402 1 3.89182029811063 1 0
403 4.85714285714286 5.75257263882563 1 1.58045037556085
403 62.8571428571429 5.96012866679813 1 4.14086457785699
404 1 3.16124671203156 1 0
404 2 3.05400118167797 1 0.693147180559945
404 49.8571428571429 4.84418708645859 1 3.90916177314711
404 54 3.16124671203156 1 3.98898404656427
405 1 3.6163087612791 1 0
406 1 5.88415769411947 1 0
407 1 4.49980967033027 1 0
407 22 4.49980967033027 1 3.09104245335832
407 43.4285714285714 4.49980967033027 1 3.77111755235091
407 61 4.49980967033027 1 4.11087386417331
407 104.142857142857 4.49980967033027 1 4.64576358295334
407 147.285714285714 4.49980967033027 1 4.99237433496165
408 1 3.59731226058845 1 0
