1 0 1 43.142857143 1 0 1 0 1
2 0 1 5.7142857143 1 1 0 0 1
3 0 1 113.57142857 1 0 0 0 0
4 0 1 4.7142857143 1 0 0 0 1
5 0 1 3.5714285714 1 0 0 0 1
6 0 1 74.142857143 1 0 0 0 1
7 0 1 137.57142857 1 0 1 0 0
8 0 1 64.714285714 1 0 0 0 1
9 0 1 44.285714286 1 0 0 0 1
10 0 1 1.5714285714 1 0 1 0 1
11 1 97.142857143 114.71428571 1 0 0 1 0
12 0 1 132.57142857 1 0 1 0 0
13 11 101.28571429 111.71428571 1 0 0 0 0
14 0 1 105.71428571 1 0 0 0 0
15 2 73.857142857 83.571428571 1 0 0 0 1
16 3 60 71.714285714 1 0 1 1 1
17 0 1 1.5714285714 1 0 0 0 1
18 0 1 136.57142857 1 0 1 0 0
19 0 1 121.42857143 1 0 0 0 0
20 8 40.142857143 118.42857143 1 0 0 0 0
21 1 40 77.714285714 1 0 0 0 1
22 0 1 50.571428571 1 1 0 0 1
23 1 53.285714286 119.57142857 1 0 0 0 0
24 0 1 95.571428571 1 0 0 0 0
25 3 47.142857143 90.714285714 1 0 0 0 0
26 1 55.428571429 64.714285714 1 0 0 0 1
27 2 92.571428571 178.71428571 1 0 1 0 0
28 0 1 61.428571429 1 0 1 0 1
29 0 1 45.142857143 1 0 0 0 1
30 2 24 24.714285714 1 0 0 1 1
31 6 72.285714286 113.42857143 1 0 0 0 0
32 1 8.8571428571 68.571428571 1 1 0 1 1
33 0 1 64.571428571 1 0 0 0 1
34 0 1 11.714285714 1 1 0 1 1
35 1 29 106.57142857 1 0 0 0 0
36 2 62.285714286 146.71428571 1 0 1 0 0
37 0 1 13.142857143 1 0 0 1 1
38 0 1 131.28571429 1 0 0 0 0
39 23 146.42857143 169.71428571 1 0 0 0 0
40 1 48.142857143 86.285714286 1 0 0 1 1
41 1 34.428571429 124.71428571 1 0 0 0 0
42 0 1 112.57142857 1 0 1 1 0
43 0 1 80.714285714 1 0 0 0 1
44 0 1 46.714285714 1 0 1 1 1
45 0 1 24.571428571 1 0 0 1 1
46 1 36.142857143 46.571428571 1 0 0 0 1
47 1 61.857142857 116.57142857 1 0 1 0 0
48 0 1 19.714285714 1 0 1 0 1
49 12 179 183.42857143 1 0 0 0 0
50 5 158.71428571 164.42857143 1 0 1 0 0
51 1 68.857142857 75.428571429 1 0 1 0 1
52 0 1 65.285714286 1 0 1 0 1
53 0 1 63.428571429 1 0 0 0 1
54 0 1 57.285714286 1 0 0 0 1
55 0 1 49.142857143 1 0 1 0 1
56 0 1 47.714285714 1 0 0 0 1
57 0 1 44.714285714 1 0 1 0 1
58 0 1 44.142857143 1 1 0 0 1
59 1 9.1428571429 18.428571429 1 1 0 0 1
60 0 1 7.7142857143 1 0 1 0 1
61 0 1 7.5714285714 1 0 1 0 1
62 1 2 5.1428571429 1 1 1 0 1
63 0 1 128.57142857 1 0 0 1 0
64 3 92.714285714 95.428571429 1 0 0 1 0
65 0 1 119.14285714 1 0 1 1 0
66 0 1 42.428571429 1 0 0 0 1
67 0 1 74.142857143 1 0 1 1 1
68 0 1 113.14285714 1 0 0 1 0
69 1 17.142857143 112.28571429 1 0 0 1 0
70 1 129.71428571 169.42857143 1 0 0 1 0
71 0 1 73.714285714 1 0 1 0 1
72 1 114 184.42857143 1 0 0 0 0
73 1 49.428571429 174.14285714 1 0 0 1 0
74 1 148 163.71428571 1 0 0 1 0
75 0 1 63.714285714 1 0 0 1 1
76 0 1 63.714285714 1 0 1 0 1
77 0 1 60.285714286 1 1 0 1 1
78 0 1 54.571428571 1 0 1 0 1
79 0 1 48.285714286 1 0 0 1 1
80 0 1 46.571428571 1 1 0 1 1
81 0 1 40.571428571 1 0 1 0 1
82 0 1 14.285714286 1 0 0 1 1
83 0 1 1.1428571429 1 1 0 1 1
84 10 148.71428571 150.42857143 1 0 0 1 0
85 0 1 185.14285714 1 0 1 1 0
86 3 121.85714286 146.28571429 1 0 1 0 0
87 15 56.714285714 77.428571429 1 0 0 0 1
88 0 1 38.142857143 1 0 0 0 1
89 0 1 141.42857143 1 0 0 1 0
90 1 74.285714286 122.57142857 1 0 0 0 0
91 5 80.714285714 86.428571429 1 0 0 0 1
92 12 166.42857143 176.71428571 1 0 0 1 0
93 0 1 167.57142857 1 0 1 1 0
94 0 1 101.71428571 1 0 1 0 0
95 1 84.142857143 91.714285714 1 0 0 0 0
96 1 45.142857143 78.428571429 1 1 1 0 1
97 0 1 171.71428571 1 0 0 1 0
98 0 1 84.571428571 1 0 0 1 1
99 0 1 29.428571429 1 0 0 1 1
100 0 1 17.571428571 1 0 1 0 1
101 1 9.4285714286 15.142857143 1 0 1 0 1
102 0 1 73.714285714 1 1 0 1 1
103 0 1 137.42857143 1 1 1 0 0
104 0 1 73.571428571 1 0 0 1 1
105 0 1 117.71428571 1 1 0 0 0
106 3 122.14285714 143.28571429 1 0 0 0 0
107 0 1 146.42857143 1 0 0 0 0
108 3 38.714285714 43.428571429 1 0 1 0 1
109 0 1 101.42857143 1 0 1 0 0
110 0 1 18.428571429 1 0 1 0 1
111 0 1 161.42857143 1 1 1 0 0
112 0 1 85.285714286 1 0 1 0 1
113 0 1 69.142857143 1 0 1 0 1
114 3 173 178.71428571 1 0 0 1 0
115 0 1 143.28571429 1 0 0 0 0
116 0 1 128.57142857 1 0 0 0 0
117 0 1 29.285714286 1 0 0 1 1
118 1 121.42857143 184.14285714 1 1 1 0 0
119 0 1 14.428571429 1 0 1 0 1
120 1 24.285714286 130.71428571 1 0 0 0 0
121 1 11 112.57142857 1 0 0 1 0
122 2 36.857142857 101.57142857 1 0 0 0 0
123 0 1 38.285714286 1 0 1 0 1
124 5 91.285714286 103.57142857 1 0 1 1 0
125 7 60.571428571 109.71428571 1 0 1 0 0
126 0 1 77.142857143 1 0 0 0 1
127 1 18.857142857 59.571428571 1 0 0 0 1
128 0 1 53.571428571 1 0 1 0 1
129 1 15.857142857 21.142857143 1 1 0 1 1
130 0 1 87.571428571 1 0 1 0 1
131 0 1 48.428571429 1 0 1 1 1
132 0 1 29.285714286 1 0 0 0 1
133 0 1 119.14285714 1 0 0 0 0
134 0 1 98.428571429 1 0 1 1 0
135 0 1 86.285714286 1 0 0 0 1
136 0 1 3.2857142857 1 0 0 0 1
137 0 1 124.28571429 1 0 0 0 0
138 3 153.85714286 158.57142857 1 0 0 0 0
139 0 1 20.714285714 1 0 0 1 1
140 1 12 19.428571429 1 0 1 0 1
141 2 48.285714286 101.71428571 1 0 0 0 0
142 1 51.428571429 77.142857143 1 0 0 1 1
143 1 65.285714286 147.71428571 1 0 1 0 0
144 1 43.857142857 49.571428571 1 0 0 1 1
145 0 1 97.142857143 1 1 0 0 0
146 2 158 158.57142857 1 0 1 0 0
147 5 120.71428571 135.42857143 1 0 0 0 0
148 3 109.14285714 115.57142857 1 0 1 1 0
149 0 1 102.71428571 1 0 0 1 0
150 0 1 95.428571429 1 0 0 1 0
151 1 21.714285714 83.428571429 1 0 0 0 1
152 0 1 81.428571429 1 0 1 1 1
153 1 37.428571429 62.714285714 1 0 0 0 1
154 1 10.8571428571 11.571428571 1 0 0 0 1
155 0 1 73.285714286 1 0 1 1 1
156 0 1 14.428571429 1 0 0 0 1
157 3 119.57142857 188.14285714 1 1 0 1 0
158 1 94.857142857 179.28571429 1 0 0 1 0
159 1 19 46.142857143 1 0 0 0 1
160 1 22.428571429 150.14285714 1 0 0 0 0
161 3 171 175.71428571 1 0 0 0 0
162 4 169.71428571 182.14285714 1 0 0 0 0
163 0 1 73.285714286 1 0 0 1 1
164 1 36.857142857 41.428571429 1 0 0 0 1
165 1 113.71428571 173.28571429 1 0 0 0 0
166 1 34.714285714 134.42857143 1 0 1 0 0
167 10 176.71428571 183.28571429 1 0 0 0 0
168 8 119.85714286 147.28571429 1 1 1 0 0
169 0 1 103.42857143 1 0 0 0 0
170 0 1 81.142857143 1 0 1 1 1
171 0 1 23.142857143 1 0 0 0 1
172 0 1 131.71428571 1 0 0 1 0
173 0 1 97.714285714 1 1 1 1 0
174 0 1 144.14285714 1 0 1 0 0
175 0 1 58.714285714 1 0 1 0 1
176 2 33.142857143 56.714285714 1 0 0 1 1
177 0 1 102.71428571 1 0 0 1 0
178 2 66.142857143 92.571428571 1 1 0 1 0
179 0 1 82.571428571 1 0 1 1 1
180 0 1 76.428571429 1 0 0 0 1
181 0 1 73.714285714 1 1 1 1 1
182 0 1 105.71428571 1 0 0 1 0
183 0 1 77.428571429 1 0 1 1 1
184 1 49.285714286 75.571428571 1 1 1 1 1
185 0 1 59.571428571 1 0 0 1 1
186 0 1 1.1428571429 1 0 1 1 1
187 4 83.571428571 168.71428571 1 0 0 0 0
188 1 13.857142857 105.14285714 1 0 0 1 0
189 0 1 73.142857143 1 0 1 1 1
190 0 1 178.71428571 1 0 1 0 0
191 8 133.85714286 149.57142857 1 0 0 0 0
192 0 1 138.71428571 1 1 1 0 0
193 0 1 78.285714286 1 0 0 1 1
194 0 1 62.714285714 1 0 0 0 1
195 0 1 49.571428571 1 0 1 0 1
196 0 1 46.571428571 1 0 0 0 1
197 0 1 30.428571429 1 0 1 0 1
198 0 1 30.428571429 1 1 0 1 1
199 0 1 11.571428571 1 0 0 0 1
200 0 1 157.42857143 1 0 0 1 0
201 0 1 173.28571429 1 0 1 1 0
202 0 1 29.285714286 1 1 1 0 1
203 0 1 171.71428571 1 1 1 1 0
204 4 120 129.42857143 1 1 0 1 0
205 0 1 117.28571429 1 0 1 0 0
206 1 79.142857143 108.71428571 1 0 0 1 0
207 0 1 94.285714286 1 0 1 0 0
208 3 61.285714286 90.714285714 1 1 0 0 0
209 1 12.571428571 57.714285714 1 0 0 0 1
210 7 26.285714286 30.714285714 1 0 0 0 1
211 0 1 28.428571429 1 0 0 0 1
212 0 1 164.42857143 1 0 0 0 0
213 1 112 119.57142857 1 0 0 1 0
214 0 1 80.428571429 1 0 1 1 1
215 3 123.57142857 183.14285714 1 0 1 1 0
216 10 120 125.71428571 1 0 0 0 0
217 3 57 119.71428571 1 0 1 1 0
218 0 1 97.714285714 1 1 1 1 0
219 0 1 19.714285714 1 0 0 1 1
220 0 1 9.5714285714 1 1 0 0 1
221 0 1 186.42857143 1 0 0 1 0
222 0 1 129.71428571 1 0 1 1 0
223 1 5.1428571429 93.714285714 1 0 0 0 0
224 0 1 39.285714286 1 0 1 0 1
225 0 1 37.285714286 1 0 0 0 1
226 0 1 19.142857143 1 0 0 0 1
227 0 1 16.571428571 1 1 0 1 1
228 0 1 7.4285714286 1 0 0 1 1
229 0 1 32.428571429 1 0 1 1 1
230 2 66 72.714285714 1 1 0 1 1
231 2 140.85714286 165.42857143 1 0 1 0 0
232 1 75.714285714 139.14285714 1 0 0 1 0
233 0 1 111.42857143 1 0 0 0 0
234 0 1 50.285714286 1 0 0 1 1
235 0 1 26.714285714 1 0 0 0 1
236 17 127 130.57142857 1 1 0 1 0
237 0 1 125.42857143 1 0 0 0 0
238 1 98.714285714 111.42857143 1 0 0 0 0
239 0 1 102.71428571 1 0 0 0 0
240 0 1 28.571428571 1 0 1 1 1
241 0 1 189.57142857 1 0 0 1 0
242 0 1 4.5714285714 1 1 1 1 1
243 2 47.428571429 72.142857143 1 1 0 0 1
244 1 6.8571428571 138.28571429 1 0 0 0 0
245 1 13 122.57142857 1 0 0 0 0
246 1 14 79.285714286 1 0 1 0 1
247 0 1 32.285714286 1 0 1 0 1
248 0 1 95.428571429 1 0 0 1 0
249 0 1 30.285714286 1 0 0 0 1
250 4 65.285714286 142.71428571 1 0 0 0 0
251 0 1 155.42857143 1 0 0 0 0
252 4 57.428571429 172.57142857 1 0 1 0 0
253 0 1 160.71428571 1 0 1 0 0
254 8 139.71428571 156.42857143 1 0 0 0 0
255 1 23.142857143 124.71428571 1 0 1 0 0
256 2 32.714285714 69.285714286 1 0 0 0 1
257 0 1 64.428571429 1 0 0 0 1
258 0 1 57.714285714 1 0 0 0 1
259 1 4.2857142857 93.714285714 1 0 0 0 0
260 0 1 66.571428571 1 0 1 0 1
261 1 35.142857143 34.571428571 1 1 0 1 1
262 3 146.28571429 152.57142857 1 0 0 1 0
263 0 1 31.714285714 1 0 0 0 1
264 0 1 72.142857143 1 0 0 1 1
265 0 1 158.28571429 1 0 0 1 0
266 0 1 97.428571429 1 0 0 1 0
267 1 1.1428571429 183.71428571 1 0 0 0 0
268 0 1 131.28571429 1 0 0 1 0
269 1 10.8571428571 125.57142857 1 0 1 1 0
270 0 1 113.42857143 1 0 0 1 0
271 0 1 13.285714286 1 0 0 1 1
272 0 1 9.7142857143 1 0 0 1 1
273 8 78.857142857 78.428571429 1 0 0 0 1
274 0 1 54.285714286 1 0 1 1 1
275 2 13.142857143 32.714285714 1 1 0 0 1
276 0 1 73.142857143 1 1 1 1 1
277 0 1 55.285714286 1 0 0 1 1
278 0 1 135.71428571 1 1 1 1 0
279 0 1 91.714285714 1 0 0 1 0
280 0 1 82.428571429 1 0 1 0 1
281 11 73 72.571428571 1 1 0 0 1
282 1 19.714285714 31.142857143 1 0 0 0 1
283 1 16.571428571 155.14285714 1 0 0 1 0
284 0 1 1.7142857143 1 0 0 0 1
285 0 1 102.71428571 1 0 0 0 0
286 0 1 71.571428571 1 0 0 1 1
287 0 1 169.71428571 1 0 0 1 0
288 0 1 144.71428571 1 0 0 0 0
289 0 1 137.42857143 1 0 1 0 0
290 0 1 140.57142857 1 0 1 1 0
291 0 1 62.714285714 1 0 0 1 1
292 0 1 22.285714286 1 0 0 1 1
293 0 1 7.7142857143 1 0 1 0 1
294 0 1 179.14285714 1 0 0 1 0
295 0 1 155.71428571 1 0 0 1 0
296 8 115.71428571 123.42857143 1 1 0 1 0
297 0 1 117.71428571 1 0 1 1 0
298 2 82.571428571 113.14285714 1 0 0 1 0
299 0 1 44.571428571 1 1 1 1 1
300 0 1 12.428571429 1 0 1 0 1
301 0 1 101.57142857 1 0 0 1 0
302 0 1 158.57142857 1 0 0 0 0
303 1 86.142857143 155.42857143 1 0 0 1 0
304 0 1 68.428571429 1 0 0 0 1
305 2 35 35.571428571 1 0 0 1 1
306 0 1 18.428571429 1 1 0 1 1
307 5 145 152.14285714 1 0 1 1 0
308 0 1 28.428571429 1 0 0 1 1
309 0 1 130.14285714 1 0 0 0 0
310 0 1 92.714285714 1 0 0 0 0
311 0 1 110.57142857 1 1 0 1 0
312 0 1 92.714285714 1 0 1 0 0
313 0 1 82.571428571 1 1 0 1 1
314 3 38 58.571428571 1 0 0 0 1
315 0 1 57.714285714 1 0 1 0 1
316 0 1 106.71428571 1 0 1 0 0
317 1 36 45.714285714 1 0 1 0 1
318 4 81.428571429 93.714285714 1 0 1 0 0
319 0 1 31.571428571 1 0 1 0 1
320 1 2.1428571429 180.71428571 1 0 0 1 0
321 1 46.142857143 130.71428571 1 0 0 0 0
322 8 60.714285714 61.428571429 1 0 0 0 1
323 0 1 60.571428571 1 0 0 0 1
324 0 1 84.571428571 1 0 0 0 1
325 0 1 16.714285714 1 0 0 1 1
326 0 1 185.57142857 1 1 0 1 0
327 0 1 184.57142857 1 0 0 1 0
328 28 122.42857143 121.71428571 1 1 0 1 0
329 0 1 101.14285714 1 0 1 1 0
330 6 90 89.571428571 1 1 1 1 0
331 1 99.857142857 173.42857143 1 0 0 0 0
332 0 1 150.42857143 1 1 0 1 0
333 1 84.857142857 139.42857143 1 0 0 1 0
334 0 1 122.42857143 1 1 0 1 0
335 15 183.42857143 183.71428571 1 0 0 1 0
336 3 90.142857143 129.57142857 1 0 0 1 0
337 1 29.571428571 79.285714286 1 1 0 1 1
338 1 22.571428571 71.285714286 1 0 0 1 1
339 0 1 42.714285714 1 0 0 0 1
340 0 1 67.714285714 1 0 1 1 1
341 1 6.7142857143 127.28571429 1 0 0 1 0
342 1 30.714285714 40.428571429 1 0 0 0 1
343 0 1 30.285714286 1 0 1 1 1
344 0 1 12.571428571 1 1 1 1 1
345 0 1 71.285714286 1 0 0 1 1
346 0 1 3.7142857143 1 0 0 1 1
347 1 96.428571429 109.57142857 1 0 0 1 0
348 1 117.42857143 127.14285714 1 0 0 1 0
349 9 84.857142857 86.571428571 1 0 1 1 1
350 1 54.428571429 174.71428571 1 0 0 1 0
351 2 137.14285714 154.57142857 1 0 0 1 0
352 0 1 130.57142857 1 1 0 1 0
353 0 1 110.71428571 1 0 1 1 0
354 0 1 158.57142857 1 1 1 1 0
355 0 1 71.285714286 1 0 0 1 1
356 2 61.142857143 102.71428571 1 0 1 1 0
357 2 111.42857143 130.57142857 1 1 1 1 0
358 2 134 138.42857143 1 1 0 1 0
359 1 44.857142857 84.571428571 1 1 0 1 1
360 0 1 21.142857143 1 1 0 1 1
361 0 1 98.714285714 1 0 0 1 0
362 0 1 97.142857143 1 0 0 1 0
363 0 1 120.42857143 1 1 0 1 0
364 1 117.42857143 119.71428571 1 0 0 1 0
365 0 1 47.714285714 1 1 0 1 1
366 0 1 186.42857143 1 0 0 1 0
367 2 110.57142857 186.28571429 1 0 0 1 0
368 0 1 131.14285714 1 0 0 1 0
369 0 1 124.42857143 1 0 0 1 0
370 0 1 94.571428571 1 0 0 1 0
371 0 1 76.714285714 1 0 0 1 1
372 0 1 76.285714286 1 0 0 1 1
373 1 54.142857143 53.571428571 1 0 0 1 1
374 1 3.4285714286 5.1428571429 1 0 1 0 1
375 1 78 147.42857143 1 0 0 0 0
376 5 95.857142857 120.57142857 1 0 0 0 0
377 0 1 118.57142857 1 0 0 1 0
378 0 1 54.571428571 1 0 1 0 1
379 1 1.4285714286 149.71428571 1 0 0 1 0
380 0 1 130.71428571 1 0 0 1 0
381 0 1 119.57142857 1 0 0 1 0
382 5 87 96.285714286 1 0 0 1 0
383 1 5.8571428571 77.285714286 1 0 0 1 1
384 0 1 75.142857143 1 0 0 1 1
385 0 1 53.571428571 1 0 0 1 1
386 1 51.857142857 67.571428571 1 0 0 1 1
387 0 1 131.71428571 1 0 0 1 0
388 1 54 98.428571429 1 0 0 1 0
389 0 1 85.285714286 1 0 0 0 1
390 0 1 153.28571429 1 0 0 1 0
391 2 107.42857143 152.14285714 1 0 0 1 0
392 0 1 120.14285714 1 1 0 1 0
393 4 51.285714286 115.57142857 1 0 1 1 0
394 0 1 81.571428571 1 0 0 1 1
395 0 1 78.571428571 1 1 0 0 1
396 0 1 71.285714286 1 0 0 1 1
397 0 1 117.57142857 1 0 1 1 0
398 0 1 62.285714286 1 0 1 1 1
399 0 1 10.571428571 1 0 0 0 1
400 0 1 170.57142857 1 0 0 1 0
401 0 1 136.57142857 1 0 0 1 0
402 0 1 78.571428571 1 0 0 0 1
403 1 62.857142857 67.571428571 1 1 0 1 1
404 3 54 60.428571429 1 1 0 1 1
405 0 1 8.5714285714 1 1 1 1 1
406 0 1 25.571428571 1 0 0 1 1
407 5 147.28571429 158.71428571 1 0 0 1 0
408 0 1 175.28571429 1 0 0 0 0
